elevation.asc
ncols 140
nrows 140
xllcorner 0.0
yllcorner 0.0
cellsize 100.0
NODATA_value -9999
[rows 78 to 116 of 140, columns 0 to 86 of 140]
80. 78. 77. 77. 77. 77. 77. 77. 77. 87. 77. 77. 77. 77. 77. 77. 77. 77. 84. 90. 88. 88. 93. 96. 108. 113. 114. 111. 111. 107. 118. 123. 121. 121. 112. 115. 111. 110. 113. 127. 117. 121. 128. 130. 131. 134. 132. 122. 132. 135. 134. 133. 133. 131. 124. 119. 121. 123. 122. 125. 131. 133. 129. 129. 132. 134. 132. 131. 129. 126. 126. 124. 120. 122. 126. 125. 122. 125. 121. 123. 121. 124. 120. 123. 127. 130. 130.
86. 86. 85. 77. 77. 77. 77. 77. 81. 90. 85. 82. 80. 77. 77. 77. 77. 77. 77. 80. 84. 86. 88. 101. 109. 108. 105. 103. 111. 114. 116. 123. 121. 120. 115. 115. 114. 110. 109. 120. 123. 115. 127. 130. 131. 131. 132. 124. 123. 132. 137. 135. 128. 124. 118. 118. 121. 121. 121. 126. 132. 133. 129. 129. 129. 130. 126. 129. 128. 124. 122. 121. 120. 122. 129. 126. 123. 123. 119. 120. 122. 119. 124. 124. 129. 131. 127.
85. 87. 78. 77. 77. 77. 77. 77. 80. 81. 88. 82. 83. 78. 77. 77. 77. 77. 77. 78. 88. 95. 91. 98. 105. 101. 103. 104. 108. 110. 114. 118. 118. 119. 115. 115. 114. 112. 112. 114. 124. 112. 122. 128. 128. 124. 131. 132. 123. 124. 135. 133. 127. 119. 116. 120. 126. 122. 127. 132. 133. 130. 130. 132. 128. 125. 125. 126. 127. 123. 122. 119. 120. 120. 128. 125. 124. 125. 120. 118. 121. 124. 123. 124. 130. 125. 126.
86. 83. 77. 77. 77. 77. 77. 77. 77. 77. 79. 85. 83. 81. 77. 77. 77. 77. 77. 77. 91. 97. 104. 99. 99. 97. 107. 108. 106. 110. 117. 112. 112. 114. 114. 113. 111. 111. 114. 118. 124. 115. 119. 123. 119. 120. 129. 131. 131. 123. 128. 131. 128. 120. 122. 126. 127. 122. 127. 128. 128. 127. 130. 131. 127. 125. 123. 124. 124. 124. 121. 120. 120. 124. 126. 125. 122. 123. 123. 120. 121. 127. 128. 120. 122. 126. 124.
82. 77. 77. 77. 77. 77. 77. 77. 77. 77. 77. 80. 83. 82. 81. 77. 77. 77. 77. 86. 94. 100. 104. 102. 98. 101. 107. 106. 107. 112. 117. 110. 109. 110. 111. 110. 114. 113. 117. 124. 125. 119. 115. 118. 115. 115. 130. 128. 127. 127. 127. 127. 129. 127. 125. 124. 129. 123. 124. 125. 126. 128. 130. 130. 127. 124. 123. 123. 121. 124. 122. 121. 119. 125. 124. 124. 121. 121. 120. 120. 124. 124. 123. 118. 118. 125. 124.
81. 77. 77. 77. 77. 77. 77. 77. 77. 77. 77. 78. 80. 80. 80. 77. 77. 77. 77. 79. 93. 101. 100. 101. 99. 105. 106. 103. 107. 110. 111. 111. 102. 99. 108. 111. 115. 119. 120. 121. 122. 118. 112. 109. 110. 116. 130. 125. 123. 127. 129. 128. 123. 121. 122. 125. 128. 124. 121. 126. 128. 129. 129. 128. 123. 122. 122. 120. 118. 121. 120. 120. 119. 120. 117. 121. 125. 116. 117. 120. 118. 125. 123. 118. 120. 123. 124.
81. 77. 77. 77. 77. 77. 77. 77. 77. 77. 77. 82. 83. 80. 82. 80. 77. 77. 77. 77. 83. 86. 96. 100. 103. 107. 104. 105. 106. 108. 105. 110. 107. 99. 105. 108. 111. 115. 115. 118. 119. 113. 111. 108. 110. 113. 120. 120. 121. 121. 125. 127. 123. 120. 119. 129. 127. 128. 126. 125. 127. 127. 127. 126. 122. 123. 125. 124. 121. 123. 121. 122. 123. 122. 124. 121. 123. 122. 116. 124. 125. 121. 118. 118. 121. 122. 123.
77. 77. 77. 77. 77. 77. 77. 77. 77. 77. 77. 88. 84. 79. 79. 81. 77. 77. 77. 77. 77. 80. 91. 106. 107. 111. 107. 105. 104. 108. 107. 110. 111. 104. 110. 107. 107. 113. 110. 119. 117. 112. 113. 110. 111. 113. 115. 117. 119. 119. 120. 123. 119. 120. 117. 123. 128. 126. 123. 126. 126. 126. 123. 123. 121. 118. 120. 119. 119. 121. 124. 124. 124. 128. 127. 129. 127. 115. 116. 125. 125. 120. 119. 119. 121. 121. 123.
77. 77. 77. 77. 77. 77. 77. 77. 77. 77. 79. 85. 89. 80. 80. 85. 85. 77. 77. 77. 77. 77. 82. 90. 100. 108. 108. 112. 115. 107. 108. 109. 112. 106. 107. 104. 106. 111. 106. 102. 109. 113. 108. 110. 110. 114. 114. 117. 114. 120. 123. 123. 123. 121. 126. 120. 124. 129. 120. 122. 122. 124. 121. 118. 120. 124. 125. 125. 122. 118. 120. 122. 122. 126. 125. 127. 127. 119. 114. 117. 115. 117. 117. 119. 119. 122. 128.
82. 86. 77. 77. 77. 77. 77. 77. 77. 77. 81. 88. 88. 83. 85. 92. 86. 77. 77. 77. 77. 77. 77. 81. 93. 103. 105. 108. 113. 112. 106. 108. 112. 110. 103. 105. 106. 107. 108. 100. 105. 110. 110. 111. 115. 115. 121. 123. 122. 125. 123. 122. 123. 122. 128. 125. 126. 126. 121. 119. 119. 120. 118. 116. 119. 128. 126. 123. 120. 119. 120. 120. 119. 122. 123. 125. 124. 122. 118. 112. 113. 117. 118. 120. 126. 125. 126.
87. 88. 77. 77. 77. 77. 77. 77. 77. 77. 86. 91. 88. 87. 86. 91. 90. 79. 77. 77. 77. 77. 77. 77. 80. 84. 94. 101. 106. 111. 110. 109. 112. 108. 102. 105. 103. 102. 97. 99. 105. 107. 110. 112. 114. 115. 119. 119. 121. 125. 127. 127. 127. 132. 132. 132. 130. 124. 121. 118. 124. 124. 116. 119. 122. 125. 124. 120. 124. 122. 123. 122. 121. 121. 126. 125. 124. 120. 119. 111. 111. 118. 121. 130. 125. 122. 130.
97. 89. 77. 77. 77. 77. 77. 77. 77. 77. 85. 84. 84. 87. 84. 95. 98. 81. 77. 77. 80. 77. 77. 77. 83. 82. 99. 102. 100. 103. 107. 103. 103. 106. 105. 99. 101. 101. 96. 100. 102. 106. 110. 115. 111. 113. 116. 114. 118. 122. 122. 130. 134. 136. 134. 129. 126. 127. 120. 117. 116. 117. 116. 122. 124. 124. 123. 119. 128. 125. 126. 123. 120. 122. 118. 117. 123. 120. 121. 113. 113. 117. 123. 123. 125. 124. 125.
96. 89. 77. 77. 77. 77. 77. 77. 77. 77. 89. 85. 84. 85. 90. 101. 99. 88. 82. 84. 84. 85. 77. 77. 80. 81. 100. 101. 102. 101. 104. 99. 99. 101. 102. 99. 101. 100. 98. 104. 111. 106. 111. 116. 111. 113. 118. 121. 118. 120. 123. 131. 136. 130. 129. 125. 123. 122. 120. 116. 118. 117. 116. 121. 126. 123. 119. 121. 127. 127. 122. 120. 119. 116. 113. 117. 124. 122. 120. 112. 112. 118. 120. 122. 125. 123. 123.
101. 98. 77. 77. 77. 77. 77. 77. 77. 77. 87. 86. 84. 84. 95. 100. 94. 91. 83. 79. 81. 83. 77. 77. 77. 85. 92. 97. 98. 105. 103. 100. 98. 98. 98. 102. 106. 106. 102. 108. 112. 107. 110. 113. 113. 114. 111. 118. 126. 127. 128. 132. 133. 128. 125. 124. 119. 118. 117. 116. 118. 117. 117. 115. 125. 122. 119. 121. 124. 122. 113. 108. 109. 111. 116. 123. 125. 123. 112. 108. 109. 114. 114. 117. 123. 122. 120.
103. 94. 81. 77. 77. 77. 77. 77. 77. 77. 78. 84. 87. 87. 91. 98. 95. 82. 83. 84. 89. 85. 80. 77. 77. 78. 83. 94. 98. 103. 102. 100. 101. 98. 97. 100. 102. 105. 109. 108. 105. 104. 107. 109. 111. 108. 111. 123. 128. 127. 133. 128. 126. 125. 120. 119. 125. 122. 123. 119. 118. 115. 116. 116. 122. 120. 117. 122. 119. 116. 118. 112. 110. 111. 111. 122. 124. 125. 115. 108. 108. 114. 115. 115. 118. 120. 121.
105. 94. 86. 77. 77. 77. 77. 77. 77. 77. 77. 77. 87. 90. 89. 89. 92. 81. 88. 88. 88. 83. 85. 77. 77. 77. 80. 87. 95. 102. 102. 104. 105. 100. 97. 100. 104. 101. 107. 108. 107. 103. 104. 108. 111. 110. 114. 117. 125. 122. 125. 126. 124. 119. 121. 123. 132. 126. 121. 125. 120. 120. 119. 118. 121. 118. 115. 118. 116. 114. 113. 109. 110. 109. 115. 125. 121. 122. 115. 110. 108. 110. 114. 116. 118. 120. 122.
102. 95. 90. 77. 77. 77. 77. 77. 77. 77. 77. 77. 77. 92. 83. 80. 80. 82. 81. 81. 84. 84. 82. 91. 77. 77. 81. 82. 91. 99. 98. 99. 99. 99. 98. 100. 100. 100. 102. 104. 108. 104. 103. 105. 112. 113. 114. 113. 118. 120. 121. 121. 121. 125. 128. 132. 129. 126. 125. 128. 123. 117. 118. 117. 115. 114. 114. 115. 116. 110. 109. 116. 108. 117. 114. 115. 108. 110. 107. 109. 114. 113. 116. 116. 119. 122. 121.
101. 95. 91. 83. 77. 77. 77. 77. 77. 77. 77. 77. 77. 87. 80. 79. 79. 82. 79. 79. 82. 85. 82. 92. 77. 77. 81. 80. 84. 95. 93. 92. 90. 93. 98. 99. 99. 101. 100. 102. 105. 104. 108. 109. 112. 111. 112. 110. 115. 119. 119. 120. 124. 126. 132. 131. 131. 123. 125. 128. 123. 116. 115. 115. 114. 112. 114. 115. 116. 114. 110. 111. 109. 115. 111. 107. 108. 107. 106. 108. 114. 113. 115. 115. 117. 122. 119.
101. 98. 89. 86. 77. 77. 77. 77. 77. 77. 84. 84. 84. 79. 78. 78. 87. 88. 94. 81. 81. 82. 84. 90. 77. 77. 78. 77. 78. 85. 88. 95. 92. 95. 98. 101. 103. 100. 98. 100. 100. 99. 103. 105. 105. 108. 105. 108. 115. 118. 119. 123. 124. 121. 122. 127. 127. 120. 118. 120. 116. 114. 115. 114. 113. 112. 115. 115. 119. 118. 117. 119. 108. 109. 111. 105. 107. 110. 114. 111. 110. 110. 110. 111. 114. 121. 119.
96. 96. 85. 80. 77. 77. 77. 81. 97. 100. 92. 88. 91. 80. 80. 82. 87. 86. 92. 83. 80. 85. 92. 94. 86. 77. 77. 77. 77. 84. 88. 89. 88. 95. 91. 95. 93. 93. 96. 95. 94. 93. 97. 101. 104. 104. 105. 108. 113. 117. 120. 120. 121. 119. 119. 119. 120. 122. 124. 119. 117. 114. 114. 113. 113. 113. 114. 122. 120. 117. 114. 123. 110. 109. 108. 109. 110. 114. 114. 110. 108. 105. 108. 110. 112. 118. 123.
90. 92. 81. 79. 77. 77. 77. 87. 96. 97. 93. 93. 93. 79. 79. 83. 90. 90. 85. 83. 79. 81. 87. 89. 92. 79. 77. 79. 80. 81. 87. 85. 86. 88. 95. 106. 98. 94. 96. 95. 95. 94. 101. 101. 103. 104. 103. 107. 113. 114. 118. 119. 119. 118. 117. 119. 123. 125. 127. 121. 119. 115. 114. 112. 110. 112. 119. 122. 120. 114. 116. 120. 110. 109. 107. 111. 114. 117. 116. 113. 112. 107. 109. 109. 112. 117. 122.
94. 88. 82. 87. 77. 77. 77. 79. 85. 92. 92. 93. 84. 79. 79. 85. 92. 91. 93. 86. 84. 80. 81. 84. 88. 85. 80. 80. 83. 80. 82. 86. 85. 84. 101. 107. 97. 96. 96. 97. 95. 97. 102. 105. 105. 103. 104. 108. 113. 116. 117. 121. 123. 115. 115. 122. 122. 120. 121. 118. 119. 116. 114. 114. 114. 117. 120. 122. 119. 114. 111. 117. 111. 111. 109. 111. 112. 113. 114. 115. 113. 111. 108. 108. 109. 111. 121.
96. 89. 91. 96. 85. 77. 77. 81. 89. 91. 90. 84. 80. 80. 81. 88. 91. 93. 94. 92. 93. 80. 80. 84. 85. 92. 80. 78. 78. 80. 80. 84. 83. 85. 97. 102. 100. 96. 96. 96. 93. 96. 101. 105. 104. 103. 104. 111. 110. 112. 114. 114. 118. 113. 115. 121. 122. 120. 118. 117. 116. 115. 115. 116. 113. 112. 114. 115. 120. 117. 110. 113. 110. 114. 111. 113. 110. 110. 113. 114. 112. 108. 105. 115. 118. 117. 119.
100. 104. 95. 93. 93. 82. 82. 79. 85. 90. 85. 82. 90. 88. 91. 95. 89. 94. 91. 91. 93. 85. 83. 85. 87. 91. 87. 80. 86. 85. 81. 84. 84. 85. 94. 98. 103. 101. 101. 100. 95. 98. 103. 102. 103. 106. 113. 112. 107. 108. 113. 112. 114. 117. 116. 117. 119. 123. 121. 118. 119. 120. 118. 119. 119. 111. 114. 112. 113. 117. 116. 112. 115. 111. 110. 109. 109. 118. 117. 110. 110. 104. 105. 110. 118. 118. 117.
101. 101. 100. 91. 90. 89. 94. 83. 85. 88. 86. 93. 101. 99. 103. 106. 101. 91. 89. 88. 89. 88. 84. 86. 87. 86. 94. 88. 86. 84. 81. 79. 81. 92. 97. 94. 97. 102. 100. 95. 90. 96. 101. 98. 99. 101. 111. 106. 98. 101. 109. 109. 112. 111. 118. 122. 122. 124. 128. 128. 120. 121. 126. 126. 123. 113. 113. 111. 113. 124. 126. 123. 124. 117. 110. 105. 105. 118. 116. 112. 107. 104. 102. 105. 112. 115. 117.
102. 103. 100. 95. 93. 98. 96. 89. 84. 85. 92. 96. 96. 101. 110. 109. 107. 93. 90. 91. 91. 92. 89. 85. 87. 86. 92. 94. 87. 84. 80. 78. 81. 93. 92. 97. 92. 93. 92. 90. 87. 104. 99. 101. 100. 99. 105. 104. 96. 101. 108. 108. 108. 110. 114. 121. 118. 116. 125. 125. 124. 125. 128. 126. 121. 114. 114. 111. 114. 127. 126. 123. 124. 120. 108. 105. 107. 117. 114. 109. 106. 104. 102. 104. 109. 112. 118.
104. 100. 97. 93. 97. 96. 97. 87. 85. 87. 104. 109. 103. 103. 111. 111. 108. 109. 94. 93. 97. 96. 94. 88. 84. 83. 85. 93. 91. 82. 79. 79. 86. 93. 94. 91. 87. 85. 87. 87. 84. 94. 95. 98. 101. 98. 102. 101. 99. 97. 106. 108. 118. 110. 114. 113. 111. 112. 113. 118. 120. 123. 124. 124. 119. 114. 110. 115. 122. 128. 125. 122. 122. 121. 116. 116. 110. 110. 107. 109. 109. 104. 103. 108. 116. 117. 119.
104. 100. 101. 95. 97. 104. 95. 94. 89. 88. 101. 109. 104. 103. 108. 107. 104. 111. 107. 97. 98. 101. 98. 88. 86. 83. 84. 86. 94. 83. 86. 80. 89. 92. 90. 86. 83. 84. 84. 85. 82. 86. 92. 92. 96. 99. 103. 100. 100. 99. 109. 112. 116. 116. 116. 107. 111. 116. 111. 115. 115. 116. 120. 122. 118. 112. 116. 122. 126. 126. 126. 118. 117. 120. 119. 113. 109. 104. 106. 107. 107. 102. 103. 105. 109. 115. 119.
105. 96. 101. 95. 94. 105. 100. 95. 96. 96. 100. 104. 104. 102. 111. 110. 109. 112. 103. 99. 100. 100. 98. 94. 89. 85. 84. 84. 95. 98. 96. 80. 87. 89. 88. 82. 82. 80. 83. 84. 80. 81. 86. 90. 95. 99. 98. 99. 98. 97. 100. 102. 110. 110. 110. 109. 118. 121. 109. 115. 114. 114. 118. 118. 117. 113. 114. 124. 126. 125. 124. 121. 120. 117. 111. 106. 103. 102. 104. 104. 109. 104. 105. 107. 106. 114. 119.
109. 100. 99. 94. 95. 99. 102. 99. 97. 102. 112. 110. 102. 101. 109. 113. 109. 108. 101. 109. 113. 109. 101. 96. 93. 92. 86. 91. 92. 92. 99. 94. 81. 84. 84. 84. 81. 79. 79. 79. 83. 82. 87. 86. 95. 96. 96. 108. 96. 98. 101. 103. 105. 107. 107. 111. 118. 120. 112. 112. 111. 113. 118. 119. 118. 116. 113. 123. 124. 123. 122. 117. 113. 111. 106. 103. 103. 104. 111. 106. 109. 112. 110. 109. 108. 114. 118.
105. 99. 95. 95. 95. 97. 103. 100. 98. 100. 111. 113. 108. 102. 105. 113. 110. 109. 110. 119. 117. 111. 101. 96. 96. 99. 86. 89. 92. 87. 89. 99. 85. 79. 83. 83. 82. 85. 81. 81. 85. 82. 82. 84. 90. 97. 96. 106. 98. 99. 103. 107. 107. 107. 108. 111. 115. 118. 114. 119. 110. 111. 119. 121. 122. 120. 113. 119. 122. 122. 117. 114. 111. 110. 110. 105. 106. 109. 114. 114. 114. 115. 114. 112. 108. 113. 117.
102. 103. 98. 96. 101. 98. 101. 100. 98. 105. 107. 112. 112. 115. 113. 110. 109. 114. 121. 121. 110. 106. 104. 105. 103. 96. 87. 86. 91. 88. 84. 87. 91. 82. 82. 84. 83. 87. 91. 93. 87. 79. 84. 85. 91. 93. 92. 100. 97. 100. 106. 103. 105. 110. 110. 110. 114. 116. 114. 114. 113. 107. 112. 115. 115. 114. 113. 120. 121. 124. 107. 108. 110. 105. 105. 103. 106. 113. 115. 115. 116. 119. 115. 112. 108. 115. 114.
103. 103. 98. 100. 103. 102. 103. 102. 102. 109. 111. 111. 115. 124. 120. 118. 122. 119. 117. 118. 117. 115. 112. 103. 100. 92. 84. 83. 89. 92. 91. 85. 88. 90. 94. 98. 99. 98. 100. 101. 93. 87. 81. 95. 91. 89. 92. 94. 99. 91. 102. 104. 105. 105. 107. 112. 114. 115. 114. 110. 110. 116. 121. 118. 111. 120. 122. 122. 121. 115. 110. 109. 106. 107. 107. 107. 112. 116. 114. 109. 112. 119. 117. 116. 116. 114. 110.
109. 106. 103. 102. 102. 103. 102. 103. 104. 112. 113. 117. 113. 125. 127. 128. 128. 130. 127. 123. 124. 125. 124. 112. 103. 98. 90. 91. 87. 90. 87. 91. 85. 96. 99. 97. 97. 98. 99. 96. 88. 88. 82. 91. 93. 92. 89. 92. 100. 91. 105. 106. 104. 102. 102. 109. 112. 114. 112. 113. 119. 120. 112. 117. 111. 117. 117. 122. 121. 116. 107. 110. 105. 108. 118. 118. 117. 111. 113. 111. 110. 119. 116. 115. 115. 113. 107.
117. 110. 104. 105. 104. 104. 103. 101. 107. 111. 113. 119. 124. 123. 127. 130. 125. 128. 132. 133. 131. 123. 115. 111. 107. 102. 99. 96. 93. 89. 87. 89. 83. 89. 97. 99. 98. 98. 97. 94. 84. 82. 84. 85. 89. 87. 98. 96. 98. 97. 100. 104. 107. 106. 103. 108. 110. 113. 113. 116. 111. 108. 114. 125. 125. 112. 110. 121. 118. 116. 116. 110. 110. 114. 113. 116. 117. 113. 112. 113. 109. 115. 117. 114. 114. 113. 103.
119. 113. 106. 109. 112. 105. 102. 102. 107. 108. 112. 123. 125. 128. 124. 128. 124. 128. 135. 130. 128. 127. 117. 109. 108. 103. 100. 98. 95. 89. 89. 88. 85. 90. 94. 102. 101. 104. 99. 96. 83. 82. 81. 79. 81. 85. 89. 96. 94. 97. 99. 103. 106. 108. 105. 108. 110. 108. 107. 107. 105. 110. 121. 123. 122. 118. 110. 118. 119. 115. 117. 115. 113. 111. 111. 113. 117. 113. 113. 113. 112. 112. 115. 114. 116. 115. 103.
121. 114. 110. 112. 112. 108. 101. 104. 109. 114. 119. 126. 124. 128. 128. 123. 127. 131. 132. 126. 124. 126. 116. 109. 106. 101. 98. 99. 99. 97. 94. 90. 86. 89. 92. 96. 103. 106. 102. 92. 84. 82. 81. 84. 76. 82. 83. 90. 96. 93. 96. 101. 103. 104. 108. 108. 109. 103. 103. 102. 107. 116. 114. 116. 120. 121. 120. 119. 120. 118. 117. 115. 114. 115. 114. 115. 113. 115. 113. 113. 110. 105. 108. 112. 114. 112. 104.
120. 121. 113. 110. 109. 113. 105. 103. 115. 116. 123. 123. 122. 121. 123. 126. 125. 126. 127. 124. 124. 123. 119. 115. 111. 109. 103. 97. 98. 101. 101. 96. 90. 89. 88. 88. 89. 95. 100. 105. 106. 92. 83. 80. 81. 85. 81. 84. 88. 91. 87. 96. 98. 100. 106. 107. 101. 97. 99. 102. 102. 103. 111. 118. 119. 118. 118. 120. 121. 118. 114. 106. 106. 111. 112. 112. 113. 111. 112. 115. 113. 107. 108. 110. 110. 107. 117.
121. 125. 119. 118. 113. 117. 112. 104. 115. 117. 121. 120. 121. 120. 123. 124. 131. 127. 124. 123. 122. 123. 120. 116. 114. 113. 110. 104. 102. 101. 102. 99. 93. 90. 88. 87. 89. 95. 95. 95. 97. 97. 91. 81. 80. 84. 83. 82. 83. 83. 83. 91. 95. 100. 106. 103. 93. 94. 97. 100. 104. 106. 118. 119. 117. 118. 119. 115. 116. 120. 119. 110. 104. 106. 106. 112. 110. 109. 113. 113. 110. 103. 113. 107. 102. 105. 118.
