elevation.asc
ncols 140
nrows 140
xllcorner 0.0
yllcorner 0.0
cellsize 100.0
NODATA_value -9999
[rows 39 to 77 of 140, columns 0 to 86 of 140]
106. 108. 113. 114. 106. 99. 104. 95. 92. 91. 91. 93. 106. 103. 98. 109. 111. 110. 109. 109. 106. 107. 112. 108. 108. 113. 115. 111. 109. 97. 97. 107. 113. 115. 117. 117. 116. 118. 126. 123. 120. 121. 123. 122. 119. 119. 121. 122. 118. 122. 120. 123. 121. 128. 136. 137. 134. 127. 133. 129. 131. 128. 123. 124. 120. 120. 121. 120. 119. 120. 118. 116. 120. 120. 115. 111. 112. 113. 109. 107. 110. 113. 116. 113. 115. 112. 116.
101. 105. 110. 115. 109. 107. 101. 95. 90. 93. 90. 94. 100. 94. 96. 105. 112. 114. 118. 119. 110. 113. 120. 121. 111. 109. 113. 110. 106. 98. 93. 100. 106. 111. 118. 120. 117. 119. 127. 123. 120. 122. 125. 120. 118. 118. 118. 119. 118. 117. 120. 123. 123. 125. 131. 135. 130. 133. 131. 137. 138. 134. 126. 121. 119. 121. 123. 119. 119. 119. 117. 116. 118. 116. 118. 116. 117. 114. 111. 109. 108. 116. 117. 113. 110. 114. 124.
106. 107. 111. 112. 111. 107. 99. 98. 93. 91. 95. 98. 95. 92. 95. 103. 113. 116. 119. 122. 116. 114. 119. 119. 114. 111. 112. 110. 107. 97. 93. 95. 102. 113. 119. 124. 120. 118. 124. 124. 121. 120. 124. 121. 119. 118. 117. 118. 118. 117. 120. 125. 124. 127. 128. 130. 133. 138. 142. 142. 137. 134. 128. 124. 121. 120. 122. 119. 120. 117. 116. 118. 115. 111. 116. 120. 117. 113. 110. 109. 112. 113. 115. 114. 116. 119. 125.
109. 104. 106. 107. 108. 106. 97. 96. 98. 98. 98. 98. 94. 96. 99. 103. 103. 112. 115. 120. 116. 113. 116. 117. 113. 115. 116. 115. 113. 99. 96. 99. 110. 119. 121. 122. 123. 123. 121. 124. 125. 124. 126. 125. 122. 118. 118. 117. 120. 120. 126. 126. 126. 126. 127. 128. 137. 145. 145. 137. 135. 132. 125. 124. 125. 123. 122. 119. 120. 124. 122. 115. 115. 123. 122. 118. 113. 112. 113. 114. 111. 109. 110. 115. 122. 123. 122.
111. 105. 103. 107. 108. 103. 99. 97. 96. 97. 94. 93. 95. 107. 102. 103. 101. 109. 116. 118. 112. 109. 114. 116. 117. 115. 118. 113. 106. 97. 97. 112. 121. 127. 123. 117. 118. 118. 120. 122. 125. 125. 128. 130. 123. 119. 122. 120. 121. 123. 129. 128. 125. 126. 130. 126. 135. 149. 142. 136. 133. 128. 123. 124. 122. 122. 119. 121. 120. 126. 121. 115. 119. 123. 119. 117. 113. 115. 116. 116. 114. 109. 112. 117. 123. 126. 124.
102. 107. 106. 105. 103. 100. 98. 97. 96. 97. 103. 100. 98. 103. 102. 101. 100. 105. 119. 121. 118. 109. 111. 117. 127. 117. 117. 118. 110. 96. 108. 119. 123. 124. 127. 119. 117. 118. 120. 123. 119. 121. 123. 129. 127. 125. 124. 127. 124. 126. 131. 129. 127. 128. 133. 129. 140. 147. 139. 133. 127. 122. 123. 125. 123. 121. 121. 119. 124. 126. 122. 124. 121. 120. 116. 113. 117. 122. 122. 123. 121. 110. 110. 115. 116. 115. 118.
100. 106. 116. 116. 112. 106. 104. 100. 98. 100. 103. 106. 100. 102. 99. 103. 101. 101. 116. 121. 119. 108. 117. 118. 127. 127. 118. 118. 109. 104. 120. 121. 122. 131. 127. 119. 117. 120. 121. 119. 116. 120. 122. 127. 128. 128. 131. 130. 119. 132. 131. 131. 131. 126. 132. 130. 135. 142. 138. 136. 134. 132. 129. 123. 120. 121. 119. 125. 132. 133. 124. 123. 123. 124. 117. 113. 115. 124. 127. 127. 123. 115. 117. 111. 112. 110. 109.
98. 104. 114. 120. 120. 111. 105. 103. 101. 100. 98. 104. 101. 103. 99. 101. 100. 101. 116. 123. 121. 107. 120. 125. 124. 127. 117. 115. 110. 104. 120. 121. 125. 128. 119. 119. 119. 115. 114. 117. 121. 124. 124. 126. 129. 126. 128. 123. 118. 133. 136. 134. 129. 128. 129. 132. 136. 140. 138. 138. 134. 128. 132. 129. 125. 121. 121. 127. 131. 129. 124. 127. 128. 122. 118. 120. 124. 123. 128. 126. 122. 115. 117. 115. 116. 110. 109.
105. 102. 110. 115. 121. 119. 114. 109. 105. 102. 95. 98. 97. 97. 103. 97. 98. 107. 116. 118. 118. 108. 116. 126. 129. 127. 116. 113. 105. 106. 115. 128. 131. 133. 121. 121. 124. 116. 120. 130. 133. 133. 131. 134. 129. 125. 122. 117. 114. 129. 135. 132. 128. 130. 130. 134. 140. 137. 136. 137. 133. 128. 130. 130. 121. 123. 121. 119. 127. 120. 118. 129. 129. 120. 116. 121. 118. 115. 120. 125. 121. 118. 115. 115. 117. 117. 118.
110. 109. 103. 111. 119. 121. 116. 110. 108. 104. 95. 98. 97. 95. 100. 94. 98. 103. 114. 115. 113. 115. 121. 124. 130. 127. 119. 112. 97. 105. 116. 129. 135. 135. 127. 119. 120. 116. 124. 130. 133. 131. 130. 135. 133. 127. 117. 112. 112. 123. 131. 129. 128. 131. 131. 133. 139. 135. 136. 138. 136. 133. 131. 132. 121. 118. 118. 118. 119. 117. 116. 126. 129. 121. 114. 117. 116. 113. 116. 123. 122. 117. 115. 114. 115. 116. 114.
112. 110. 96. 102. 112. 115. 113. 110. 108. 108. 103. 101. 100. 98. 100. 94. 96. 100. 113. 117. 115. 116. 118. 126. 127. 125. 116. 108. 99. 106. 128. 133. 133. 136. 137. 133. 127. 117. 118. 126. 130. 129. 133. 137. 132. 120. 114. 115. 122. 118. 123. 124. 127. 128. 127. 129. 134. 135. 135. 135. 131. 132. 135. 133. 129. 123. 117. 118. 121. 119. 117. 124. 126. 116. 114. 117. 115. 114. 116. 122. 123. 119. 116. 113. 114. 116. 120.
113. 116. 109. 100. 107. 113. 112. 109. 108. 107. 107. 103. 93. 96. 92. 94. 92. 97. 109. 113. 113. 109. 110. 121. 126. 124. 115. 102. 95. 107. 130. 136. 136. 138. 136. 127. 119. 118. 119. 120. 127. 128. 131. 133. 124. 120. 118. 130. 130. 127. 118. 122. 121. 123. 125. 131. 134. 134. 136. 134. 129. 134. 135. 133. 131. 126. 119. 118. 124. 119. 118. 122. 118. 114. 114. 114. 114. 115. 118. 122. 122. 118. 120. 120. 121. 119. 116.
113. 114. 114. 108. 103. 110. 114. 111. 107. 106. 103. 103. 93. 92. 88. 92. 89. 96. 106. 110. 110. 105. 113. 123. 125. 124. 115. 98. 91. 114. 134. 139. 138. 139. 133. 122. 118. 121. 121. 120. 124. 128. 131. 127. 127. 121. 127. 136. 127. 128. 122. 119. 120. 121. 126. 134. 135. 135. 136. 135. 131. 129. 134. 131. 127. 123. 120. 125. 118. 122. 121. 123. 119. 114. 114. 115. 115. 115. 118. 123. 121. 122. 124. 128. 131. 126. 123.
104. 108. 108. 107. 113. 112. 113. 111. 102. 101. 98. 96. 95. 94. 88. 89. 87. 90. 100. 107. 103. 105. 109. 121. 124. 122. 112. 90. 87. 118. 136. 138. 136. 136. 125. 121. 120. 121. 123. 127. 131. 129. 130. 120. 124. 122. 133. 135. 132. 129. 127. 123. 122. 131. 131. 127. 135. 135. 135. 133. 132. 128. 130. 130. 130. 128. 129. 129. 122. 119. 119. 117. 116. 118. 114. 114. 114. 114. 115. 119. 122. 127. 133. 139. 136. 132. 130.
109. 106. 107. 103. 109. 110. 106. 107. 100. 98. 96. 95. 93. 92. 85. 87. 90. 90. 98. 104. 103. 103. 103. 112. 116. 112. 97. 93. 97. 112. 133. 138. 136. 134. 122. 121. 121. 123. 125. 125. 127. 129. 133. 128. 123. 129. 135. 134. 131. 130. 129. 129. 132. 133. 133. 135. 133. 132. 135. 135. 137. 138. 138. 139. 137. 134. 131. 133. 127. 129. 123. 123. 121. 121. 114. 115. 115. 119. 117. 117. 126. 134. 138. 138. 133. 132. 130.
109. 107. 104. 100. 107. 112. 108. 104. 98. 99. 101. 97. 95. 88. 87. 87. 91. 95. 97. 102. 100. 102. 102. 107. 105. 107. 93. 95. 102. 107. 127. 136. 136. 135. 129. 121. 123. 125. 126. 131. 128. 128. 131. 130. 127. 133. 135. 134. 130. 131. 129. 121. 131. 132. 131. 131. 131. 131. 134. 133. 133. 136. 137. 139. 138. 133. 132. 136. 134. 131. 126. 126. 121. 121. 116. 116. 116. 116. 119. 121. 127. 134. 136. 132. 128. 127. 125.
106. 105. 107. 106. 107. 113. 115. 105. 101. 104. 96. 97. 102. 90. 87. 91. 88. 92. 98. 98. 100. 106. 101. 101. 105. 100. 87. 98. 105. 107. 115. 131. 134. 135. 137. 133. 127. 127. 128. 133. 130. 131. 130. 125. 133. 136. 133. 133. 130. 125. 121. 120. 133. 133. 131. 132. 129. 131. 130. 129. 129. 131. 133. 134. 135. 132. 131. 135. 132. 128. 125. 123. 120. 117. 114. 113. 114. 114. 114. 120. 125. 131. 129. 128. 126. 125. 125.
105. 105. 106. 101. 106. 114. 115. 108. 100. 101. 95. 94. 95. 84. 84. 90. 83. 87. 90. 97. 97. 102. 100. 101. 102. 99. 91. 111. 121. 122. 111. 121. 132. 134. 138. 138. 136. 137. 138. 138. 133. 132. 122. 127. 136. 134. 132. 129. 128. 122. 122. 120. 132. 132. 132. 133. 129. 128. 128. 129. 130. 130. 127. 130. 133. 133. 130. 132. 133. 129. 126. 123. 118. 119. 116. 114. 115. 115. 114. 114. 118. 132. 133. 127. 122. 123. 124.
107. 102. 98. 94. 93. 106. 112. 111. 99. 99. 93. 93. 87. 81. 83. 86. 80. 82. 93. 89. 93. 100. 99. 101. 91. 108. 113. 119. 119. 124. 121. 115. 121. 132. 134. 138. 136. 137. 139. 135. 130. 127. 121. 136. 136. 134. 131. 131. 134. 133. 117. 119. 133. 133. 130. 131. 128. 129. 128. 128. 125. 125. 124. 127. 131. 133. 129. 131. 128. 131. 126. 121. 117. 114. 114. 114. 115. 114. 114. 113. 115. 124. 129. 128. 129. 127. 128.
92. 97. 100. 96. 98. 102. 104. 103. 97. 97. 92. 91. 93. 82. 80. 81. 93. 91. 92. 86. 94. 96. 97. 96. 102. 110. 117. 119. 118. 124. 129. 126. 123. 132. 134. 139. 136. 136. 137. 136. 130. 126. 138. 137. 135. 135. 133. 132. 130. 128. 117. 124. 134. 134. 129. 125. 126. 126. 128. 126. 128. 128. 124. 123. 124. 130. 131. 127. 128. 127. 125. 120. 114. 117. 117. 114. 112. 114. 115. 113. 116. 118. 119. 123. 129. 130. 130.
88. 105. 110. 104. 102. 99. 96. 95. 93. 93. 88. 89. 87. 81. 80. 81. 93. 93. 93. 91. 94. 92. 98. 94. 103. 111. 118. 118. 119. 126. 134. 128. 130. 132. 131. 132. 129. 131. 136. 129. 124. 136. 137. 137. 135. 132. 130. 129. 126. 129. 119. 122. 132. 132. 129. 127. 128. 127. 127. 128. 131. 128. 124. 120. 120. 126. 128. 121. 127. 125. 124. 120. 114. 114. 115. 115. 114. 115. 118. 116. 116. 121. 120. 118. 126. 127. 127.
88. 102. 104. 107. 97. 94. 95. 107. 100. 90. 85. 87. 82. 83. 84. 82. 84. 87. 90. 82. 87. 86. 86. 91. 97. 102. 105. 107. 110. 122. 131. 131. 127. 131. 129. 122. 125. 130. 133. 133. 137. 138. 137. 137. 134. 125. 124. 126. 130. 128. 123. 124. 129. 129. 127. 128. 129. 133. 131. 134. 131. 123. 124. 118. 118. 119. 123. 124. 124. 123. 119. 115. 116. 115. 116. 116. 113. 113. 114. 116. 115. 116. 119. 122. 122. 122. 123.
87. 95. 103. 106. 98. 102. 102. 109. 102. 91. 85. 88. 83. 84. 83. 84. 82. 82. 85. 80. 83. 84. 83. 90. 94. 95. 102. 103. 106. 117. 124. 126. 128. 131. 132. 124. 120. 126. 129. 130. 136. 140. 137. 139. 134. 126. 127. 123. 127. 127. 124. 120. 124. 128. 125. 127. 132. 137. 135. 134. 132. 128. 133. 130. 129. 120. 120. 120. 122. 119. 116. 116. 118. 116. 115. 116. 118. 115. 115. 114. 113. 118. 120. 124. 123. 124. 126.
92. 94. 100. 103. 101. 103. 106. 111. 105. 91. 91. 91. 84. 85. 86. 86. 82. 81. 83. 78. 79. 79. 80. 81. 84. 95. 103. 100. 105. 112. 116. 121. 125. 128. 127. 125. 121. 122. 130. 135. 134. 137. 136. 135. 131. 127. 124. 123. 123. 122. 120. 119. 128. 127. 126. 131. 135. 136. 136. 133. 133. 128. 132. 133. 132. 130. 128. 118. 116. 117. 117. 117. 115. 115. 116. 115. 114. 115. 115. 116. 114. 122. 120. 124. 125. 123. 127.
99. 99. 99. 104. 104. 110. 111. 109. 102. 92. 87. 86. 82. 81. 87. 84. 82. 81. 84. 80. 79. 80. 83. 88. 92. 101. 106. 103. 102. 105. 113. 118. 130. 134. 134. 136. 127. 123. 136. 136. 133. 134. 129. 131. 133. 135. 128. 127. 129. 127. 121. 124. 127. 124. 124. 128. 132. 134. 133. 133. 132. 132. 130. 130. 129. 128. 126. 123. 119. 116. 116. 115. 116. 118. 115. 113. 113. 115. 116. 116. 117. 122. 126. 125. 122. 121. 127.
109. 101. 99. 101. 105. 110. 107. 106. 99. 92. 84. 85. 82. 80. 85. 85. 82. 82. 83. 83. 82. 82. 91. 93. 97. 101. 107. 109. 108. 112. 117. 125. 128. 135. 137. 137. 132. 126. 138. 134. 135. 132. 128. 128. 129. 133. 133. 131. 126. 127. 120. 124. 129. 126. 124. 127. 131. 134. 132. 131. 130. 129. 129. 127. 126. 126. 127. 127. 123. 120. 116. 116. 116. 118. 121. 116. 116. 116. 115. 115. 115. 126. 124. 122. 121. 122. 124.
112. 105. 100. 98. 104. 107. 104. 102. 99. 97. 80. 80. 78. 85. 87. 86. 85. 83. 84. 84. 83. 89. 94. 99. 97. 104. 108. 114. 116. 114. 122. 124. 125. 134. 134. 136. 129. 129. 141. 138. 134. 133. 133. 126. 128. 136. 130. 128. 124. 123. 121. 123. 125. 124. 125. 127. 128. 132. 132. 127. 128. 124. 124. 124. 123. 125. 129. 129. 131. 126. 128. 123. 116. 116. 115. 114. 117. 118. 116. 116. 124. 125. 122. 121. 121. 126. 128.
108. 107. 94. 96. 100. 100. 99. 96. 97. 90. 78. 77. 80. 80. 85. 84. 83. 82. 86. 85. 84. 90. 100. 99. 103. 102. 110. 113. 115. 117. 121. 123. 128. 133. 131. 127. 135. 138. 138. 135. 133. 136. 136. 128. 134. 137. 128. 123. 123. 123. 121. 123. 124. 125. 122. 123. 125. 131. 129. 127. 129. 127. 125. 124. 127. 130. 131. 132. 128. 122. 128. 126. 121. 117. 116. 115. 117. 119. 120. 120. 125. 127. 123. 127. 125. 129. 131.
104. 108. 96. 96. 96. 96. 95. 96. 94. 86. 77. 77. 77. 82. 83. 82. 82. 82. 88. 84. 87. 89. 96. 98. 103. 96. 107. 110. 111. 112. 113. 116. 130. 130. 125. 124. 136. 138. 134. 134. 130. 134. 136. 133. 133. 135. 127. 120. 121. 122. 120. 120. 122. 120. 120. 121. 121. 127. 127. 125. 131. 132. 128. 126. 128. 130. 130. 127. 124. 122. 122. 121. 118. 117. 116. 118. 116. 120. 121. 122. 128. 129. 130. 129. 131. 133. 132.
98. 106. 100. 95. 94. 95. 96. 95. 87. 84. 77. 77. 77. 82. 78. 80. 84. 81. 83. 82. 83. 88. 101. 109. 96. 95. 99. 100. 98. 103. 106. 112. 116. 116. 117. 123. 135. 137. 137. 133. 126. 128. 132. 134. 132. 129. 127. 120. 120. 120. 120. 119. 121. 122. 121. 119. 121. 122. 123. 125. 131. 132. 133. 126. 125. 127. 129. 125. 125. 127. 122. 122. 119. 118. 121. 121. 121. 120. 121. 119. 123. 128. 132. 133. 137. 134. 130.
89. 98. 95. 92. 92. 96. 95. 91. 85. 79. 77. 77. 77. 77. 77. 77. 84. 83. 83. 82. 82. 90. 106. 114. 107. 104. 105. 104. 103. 100. 105. 107. 108. 114. 114. 124. 134. 136. 135. 136. 133. 131. 130. 131. 128. 127. 128. 125. 120. 120. 120. 117. 119. 123. 119. 121. 125. 130. 121. 122. 128. 131. 133. 128. 125. 126. 126. 124. 125. 125. 123. 122. 118. 118. 121. 125. 126. 122. 128. 115. 123. 127. 132. 133. 134. 130. 128.
85. 88. 95. 92. 92. 89. 88. 86. 83. 78. 77. 77. 77. 77. 77. 77. 77. 77. 81. 82. 85. 99. 108. 111. 111. 108. 107. 107. 110. 111. 109. 105. 106. 107. 114. 124. 134. 133. 131. 133. 135. 131. 130. 131. 127. 124. 128. 127. 124. 122. 122. 120. 120. 123. 122. 120. 121. 123. 122. 122. 127. 135. 133. 134. 131. 127. 127. 127. 131. 127. 123. 122. 119. 120. 122. 123. 123. 125. 126. 120. 124. 125. 126. 128. 130. 127. 124.
85. 82. 84. 93. 100. 86. 77. 77. 77. 77. 77. 77. 79. 89. 88. 77. 77. 77. 77. 81. 84. 89. 99. 111. 113. 111. 108. 108. 111. 111. 110. 103. 103. 108. 123. 130. 132. 132. 132. 132. 132. 127. 125. 128. 124. 120. 121. 124. 129. 131. 121. 122. 119. 122. 128. 120. 121. 121. 127. 131. 136. 138. 138. 135. 134. 132. 132. 130. 126. 128. 124. 121. 120. 123. 122. 124. 125. 118. 117. 120. 127. 126. 125. 125. 126. 124. 121.
84. 81. 81. 87. 94. 77. 77. 77. 77. 77. 77. 77. 85. 90. 88. 77. 77. 77. 78. 82. 82. 87. 91. 99. 110. 112. 104. 105. 109. 111. 111. 105. 98. 109. 125. 131. 133. 132. 131. 131. 129. 127. 122. 128. 119. 123. 121. 120. 123. 130. 121. 118. 115. 120. 130. 121. 122. 122. 123. 135. 139. 139. 139. 137. 132. 130. 131. 126. 127. 131. 125. 124. 122. 120. 120. 123. 121. 118. 118. 120. 125. 126. 124. 125. 123. 119. 118.
81. 81. 80. 80. 83. 77. 77. 77. 77. 77. 77. 77. 96. 91. 79. 77. 77. 77. 79. 83. 82. 86. 92. 96. 110. 114. 111. 106. 107. 105. 104. 104. 101. 103. 120. 132. 130. 131. 131. 129. 124. 120. 119. 123. 120. 120. 123. 123. 127. 127. 123. 120. 126. 120. 126. 121. 123. 121. 123. 131. 136. 136. 133. 132. 133. 132. 135. 130. 132. 131. 128. 127. 121. 120. 121. 119. 118. 123. 120. 120. 124. 130. 128. 121. 122. 123. 121.
81. 82. 79. 81. 78. 77. 77. 77. 77. 77. 77. 85. 88. 90. 78. 77. 77. 77. 77. 81. 84. 85. 93. 100. 112. 112. 111. 105. 110. 108. 102. 100. 103. 103. 112. 129. 129. 128. 129. 130. 122. 116. 117. 121. 120. 119. 120. 122. 125. 131. 131. 127. 134. 135. 130. 127. 123. 122. 125. 130. 134. 132. 134. 130. 135. 135. 134. 133. 133. 130. 129. 124. 120. 120. 121. 119. 121. 123. 122. 122. 127. 130. 128. 123. 124. 126. 127.
83. 82. 85. 87. 77. 77. 77. 77. 77. 77. 77. 77. 77. 86. 77. 77. 77. 77. 77. 82. 82. 85. 93. 105. 109. 110. 111. 108. 109. 108. 105. 105. 105. 102. 106. 122. 130. 128. 130. 131. 126. 112. 116. 119. 117. 120. 120. 123. 135. 137. 133. 127. 138. 135. 133. 132. 129. 122. 126. 127. 131. 130. 134. 137. 133. 135. 138. 136. 131. 128. 124. 125. 121. 122. 120. 121. 127. 127. 128. 126. 128. 124. 123. 123. 129. 130. 135.
87. 86. 87. 77. 77. 77. 77. 77. 77. 77. 77. 77. 77. 77. 77. 77. 77. 77. 79. 82. 81. 84. 85. 96. 106. 108. 111. 109. 107. 103. 108. 105. 102. 103. 108. 110. 111. 112. 126. 129. 122. 114. 114. 117. 119. 134. 124. 122. 129. 136. 132. 129. 138. 135. 132. 131. 126. 127. 128. 126. 130. 134. 134. 128. 128. 131. 132. 127. 127. 130. 125. 122. 120. 120. 126. 126. 127. 123. 123. 127. 126. 121. 122. 123. 125. 129. 134.
86. 84. 77. 77. 77. 77. 77. 77. 77. 77. 77. 77. 77. 77. 77. 77. 77. 77. 94. 93. 89. 84. 88. 97. 105. 109. 110. 111. 111. 102. 113. 110. 107. 106. 109. 110. 110. 110. 120. 127. 116. 115. 116. 122. 125. 134. 136. 122. 128. 136. 133. 132. 137. 137. 133. 127. 124. 123. 126. 126. 132. 134. 129. 126. 129. 128. 132. 127. 131. 131. 125. 120. 120. 120. 125. 127. 124. 121. 122. 123. 120. 120. 123. 125. 125. 126. 133.
